0.000000000000000000e+00 0.000000000000000000e+00
1.210000000000000000e+02 1.260000000000000000e+02
0.000000000000000000e+00 7.900000000000000000e+01
1.210000000000000000e+02 2.290000000000000000e+02
0.000000000000000000e+00 1.820000000000000000e+02
1.210000000000000000e+02 3.320000000000000000e+02
0.000000000000000000e+00 2.850000000000000000e+02
1.210000000000000000e+02 4.350000000000000000e+02
0.000000000000000000e+00 3.880000000000000000e+02
1.210000000000000000e+02 5.380000000000000000e+02
0.000000000000000000e+00 4.910000000000000000e+02
1.210000000000000000e+02 6.410000000000000000e+02
0.000000000000000000e+00 5.940000000000000000e+02
1.210000000000000000e+02 7.440000000000000000e+02
0.000000000000000000e+00 6.970000000000000000e+02
1.210000000000000000e+02 8.470000000000000000e+02
0.000000000000000000e+00 8.000000000000000000e+02
1.210000000000000000e+02 9.500000000000000000e+02
0.000000000000000000e+00 9.030000000000000000e+02
1.210000000000000000e+02 1.053000000000000000e+03
0.000000000000000000e+00 1.006000000000000000e+03
1.210000000000000000e+02 1.156000000000000000e+03
0.000000000000000000e+00 1.109000000000000000e+03
1.210000000000000000e+02 1.242000000000000000e+03
6.400000000000000000e+01 0.000000000000000000e+00
2.140000000000000000e+02 1.260000000000000000e+02
6.400000000000000000e+01 7.900000000000000000e+01
2.140000000000000000e+02 2.290000000000000000e+02
6.400000000000000000e+01 1.820000000000000000e+02
2.140000000000000000e+02 3.320000000000000000e+02
6.400000000000000000e+01 2.850000000000000000e+02
2.140000000000000000e+02 4.350000000000000000e+02
6.400000000000000000e+01 3.880000000000000000e+02
2.140000000000000000e+02 5.380000000000000000e+02
6.400000000000000000e+01 4.910000000000000000e+02
2.140000000000000000e+02 6.410000000000000000e+02
6.400000000000000000e+01 5.940000000000000000e+02
2.140000000000000000e+02 7.440000000000000000e+02
6.400000000000000000e+01 6.970000000000000000e+02
2.140000000000000000e+02 8.470000000000000000e+02
6.400000000000000000e+01 8.000000000000000000e+02
2.140000000000000000e+02 9.500000000000000000e+02
6.400000000000000000e+01 9.030000000000000000e+02
2.140000000000000000e+02 1.053000000000000000e+03
6.400000000000000000e+01 1.006000000000000000e+03
2.140000000000000000e+02 1.156000000000000000e+03
6.400000000000000000e+01 1.109000000000000000e+03
2.140000000000000000e+02 1.242000000000000000e+03
1.570000000000000000e+02 0.000000000000000000e+00
3.070000000000000000e+02 1.260000000000000000e+02
1.570000000000000000e+02 7.900000000000000000e+01
3.070000000000000000e+02 2.290000000000000000e+02
1.570000000000000000e+02 1.820000000000000000e+02
3.070000000000000000e+02 3.320000000000000000e+02
1.570000000000000000e+02 2.850000000000000000e+02
3.070000000000000000e+02 4.350000000000000000e+02
1.570000000000000000e+02 3.880000000000000000e+02
3.070000000000000000e+02 5.380000000000000000e+02
1.570000000000000000e+02 4.910000000000000000e+02
3.070000000000000000e+02 6.410000000000000000e+02
1.570000000000000000e+02 5.940000000000000000e+02
3.070000000000000000e+02 7.440000000000000000e+02
1.570000000000000000e+02 6.970000000000000000e+02
3.070000000000000000e+02 8.470000000000000000e+02
1.570000000000000000e+02 8.000000000000000000e+02
3.070000000000000000e+02 9.500000000000000000e+02
1.570000000000000000e+02 9.030000000000000000e+02
3.070000000000000000e+02 1.053000000000000000e+03
1.570000000000000000e+02 1.006000000000000000e+03
3.070000000000000000e+02 1.156000000000000000e+03
1.570000000000000000e+02 1.109000000000000000e+03
3.070000000000000000e+02 1.242000000000000000e+03
2.500000000000000000e+02 0.000000000000000000e+00
3.750000000000000000e+02 1.260000000000000000e+02
2.500000000000000000e+02 7.900000000000000000e+01
3.750000000000000000e+02 2.290000000000000000e+02
2.500000000000000000e+02 1.820000000000000000e+02
3.750000000000000000e+02 3.320000000000000000e+02
2.500000000000000000e+02 2.850000000000000000e+02
3.750000000000000000e+02 4.350000000000000000e+02
2.500000000000000000e+02 3.880000000000000000e+02
3.750000000000000000e+02 5.380000000000000000e+02
2.500000000000000000e+02 4.910000000000000000e+02
3.750000000000000000e+02 6.410000000000000000e+02
2.500000000000000000e+02 5.940000000000000000e+02
3.750000000000000000e+02 7.440000000000000000e+02
2.500000000000000000e+02 6.970000000000000000e+02
3.750000000000000000e+02 8.470000000000000000e+02
2.500000000000000000e+02 8.000000000000000000e+02
3.750000000000000000e+02 9.500000000000000000e+02
2.500000000000000000e+02 9.030000000000000000e+02
3.750000000000000000e+02 1.053000000000000000e+03
2.500000000000000000e+02 1.006000000000000000e+03
3.750000000000000000e+02 1.156000000000000000e+03
2.500000000000000000e+02 1.109000000000000000e+03
3.750000000000000000e+02 1.242000000000000000e+03
