[[[   0    0]
  [ 121  126]]

 [[   0   79]
  [ 121  229]]

 [[   0  182]
  [ 121  332]]

 [[   0  285]
  [ 121  435]]

 [[   0  388]
  [ 121  538]]

 [[   0  491]
  [ 121  641]]

 [[   0  594]
  [ 121  744]]

 [[   0  697]
  [ 121  847]]

 [[   0  800]
  [ 121  950]]

 [[   0  903]
  [ 121 1053]]

 [[   0 1006]
  [ 121 1156]]

 [[   0 1109]
  [ 121 1242]]

 [[  64    0]
  [ 214  126]]

 [[  64   79]
  [ 214  229]]

 [[  64  182]
  [ 214  332]]

 [[  64  285]
  [ 214  435]]

 [[  64  388]
  [ 214  538]]

 [[  64  491]
  [ 214  641]]

 [[  64  594]
  [ 214  744]]

 [[  64  697]
  [ 214  847]]

 [[  64  800]
  [ 214  950]]

 [[  64  903]
  [ 214 1053]]

 [[  64 1006]
  [ 214 1156]]

 [[  64 1109]
  [ 214 1242]]

 [[ 157    0]
  [ 307  126]]

 [[ 157   79]
  [ 307  229]]

 [[ 157  182]
  [ 307  332]]

 [[ 157  285]
  [ 307  435]]

 [[ 157  388]
  [ 307  538]]

 [[ 157  491]
  [ 307  641]]

 [[ 157  594]
  [ 307  744]]

 [[ 157  697]
  [ 307  847]]

 [[ 157  800]
  [ 307  950]]

 [[ 157  903]
  [ 307 1053]]

 [[ 157 1006]
  [ 307 1156]]

 [[ 157 1109]
  [ 307 1242]]

 [[ 250    0]
  [ 375  126]]

 [[ 250   79]
  [ 375  229]]

 [[ 250  182]
  [ 375  332]]

 [[ 250  285]
  [ 375  435]]

 [[ 250  388]
  [ 375  538]]

 [[ 250  491]
  [ 375  641]]

 [[ 250  594]
  [ 375  744]]

 [[ 250  697]
  [ 375  847]]

 [[ 250  800]
  [ 375  950]]

 [[ 250  903]
  [ 375 1053]]

 [[ 250 1006]
  [ 375 1156]]

 [[ 250 1109]
  [ 375 1242]]]